image_width: 1280
image_height: 960
camera_name: bb_xb3_left
camera_matrix:
  rows: 3
  cols: 3
  data: [1025.311719, 0.000000, 631.909634, 0.000000, 1027.482604, 450.072199, 0.000000, 0.000000, 1.000000]
distortion_model: plumb_bob
distortion_coefficients:
  rows: 1
  cols: 5
  data: [-0.331345, 0.113974, 0.001722, -0.000496, 0.000000]
rectification_matrix:
  rows: 3
  cols: 3
  data: [1.000000, 0.000000, 0.000000, 0.000000, 1.000000, 0.000000, 0.000000, 0.000000, 1.000000]
projection_matrix:
  rows: 3
  cols: 4
  data: [877.548828, 0.000000, 627.975784, 0.000000, 0.000000, 947.224243, 446.345660, 0.000000, 0.000000, 0.000000, 1.000000, 0.000000]
