image_width: 1280
image_height: 960
camera_name: bb_xb3_right
camera_matrix:
  rows: 3
  cols: 3
  data: [1033.807212, 0.000000, 565.371834, 0.000000, 1035.523442, 447.700196, 0.000000, 0.000000, 1.000000]
distortion_model: plumb_bob
distortion_coefficients:
  rows: 1
  cols: 5
  data: [-0.338784, 0.113529, 0.000327, -0.000217, 0.000000]
rectification_matrix:
  rows: 3
  cols: 3
  data: [1.000000, 0.000000, 0.000000, 0.000000, 1.000000, 0.000000, 0.000000, 0.000000, 1.000000]
projection_matrix:
  rows: 3
  cols: 4
  data: [873.894470, 0.000000, 538.207157, 0.000000, 0.000000, 950.823425, 442.104248, 0.000000, 0.000000, 0.000000, 1.000000, 0.000000]
