image_width: 1024
image_height: 768
camera_name: 0001687342001097
camera_matrix:
  rows: 3
  cols: 3
  data: [1119.010924, 0.000000, 511.602559, 0.000000, 1314.536720, 352.890450, 0.000000, 0.000000, 1.000000]
distortion_model: plumb_bob
distortion_coefficients:
  rows: 1
  cols: 5
  data: [-2.403935, 5.081570, -0.041375, 0.017574, 0.000000]
rectification_matrix:
  rows: 3
  cols: 3
  data: [1.000000, 0.000000, 0.000000, 0.000000, 1.000000, 0.000000, 0.000000, 0.000000, 1.000000]
projection_matrix:
  rows: 3
  cols: 4
  data: [826.390381, 0.000000, 524.362944, 0.000000, 0.000000, 1014.892090, 320.530609, 0.000000, 0.000000, 0.000000, 1.000000, 0.000000]
